1000
364408 7
342590 5
34232 8
109359 5
197564 9
329561 9
993152 8
704484 0
468300 1
989724 1
195463 6
161363 3
591452 6
428726 0
389510 9
547307 0
594200 6
345860 2
63456 3
993912 1
615139 2
203756 8
178138 4
661879 7
733698 7
749923 7
848820 4
471914 1
549605 3
745666 10
784279 8
314372 9
630757 5
42980 1
319445 10
970815 9
336172 2
525395 5
714558 3
60810 5
624158 9
143294 1
93860 6
102864 0
654706 8
542022 3
22946 7
117047 7
534018 9
405448 6
43825 0
437793 5
964028 7
37041 5
378505 6
156266 3
553842 10
395734 10
766946 3
88039 9
455331 5
139813 6
941251 3
295284 3
176410 5
389859 0
537249 2
543063 9
165816 1
183383 5
908103 8
406361 6
923504 10
219076 8
279815 2
965699 2
216766 9
310290 2
127058 5
561236 7
812654 7
446693 8
244130 1
217159 4
487494 6
122974 1
362370 7
604581 9
21524 5
219431 6
100948 6
871087 0
306974 6
357422 2
769084 7
918418 0
663413 2
84170 0
347883 0
54331 10
177830 6
948504 7
784245 4
940003 7
626952 3
225964 1
529204 5
341540 4
913480 0
417913 1
202025 10
470576 0
968099 0
862085 4
200739 0
882197 1
689969 0
470479 4
427090 9
455197 4
420403 0
160304 4
778079 0
933974 4
95455 3
418276 8
618158 10
855509 9
910177 9
96326 1
349058 1
356079 5
315599 8
630011 6
828715 4
665187 1
271855 5
216797 10
531020 4
257778 1
632568 10
170070 2
758147 9
163850 1
187216 7
95655 9
542582 5
840925 2
796178 1
319614 9
457303 8
625893 4
367678 2
917079 9
273303 3
814736 2
593919 5
238062 9
519768 4
909151 8
252443 0
806389 10
694172 1
723531 1
956704 3
235117 0
973427 5
659455 5
483464 9
946315 9
432391 0
113640 6
651603 0
785415 5
409331 0
619216 1
328573 5
396746 8
34852 3
339735 0
581575 6
529766 6
343408 4
60596 6
795700 9
370197 0
891754 9
486602 9
539144 10
227427 6
378526 1
414423 1
325100 2
306622 2
448101 2
127770 10
59596 2
10096 10
990492 4
680444 3
489665 5
778614 10
430929 4
733814 0
38653 8
39192 1
320479 10
517353 7
859407 3
376672 0
221089 5
576248 9
300334 3
440708 5
385154 4
711613 8
973809 6
940245 0
482245 6
139640 1
571134 10
72294 5
839301 7
764221 2
688115 9
734241 4
781695 3
925454 5
42315 7
820580 5
442498 7
415887 8
57171 0
143949 0
556892 7
2196 0
139320 4
543527 0
846528 3
962072 2
62755 9
964287 4
464521 2
605901 0
975750 8
678863 5
277413 1
341479 5
333429 10
395574 10
10802 2
894461 0
336223 6
274390 4
1194 1
200478 2
204307 3
546024 10
931854 8
881410 3
999065 4
506151 1
532813 8
350481 2
189890 7
956343 2
418697 3
178634 10
988653 8
944583 6
714521 0
557952 4
439270 5
364352 5
793289 0
424089 7
266384 10
682752 6
231809 4
337083 7
358648 4
814371 7
584432 7
287209 3
535867 6
630634 6
574518 8
97065 10
120307 9
4418 10
866349 0
678701 2
181424 9
51144 5
634382 7
954034 2
211687 2
520404 1
495553 4
746156 4
889682 2
273047 0
784052 1
516607 1
155602 0
400684 8
457308 0
965653 0
355495 9
964218 10
494377 1
377162 0
20275 10
279739 7
772674 9
692879 0
163382 5
736215 0
654716 7
718807 2
441310 8
518120 4
337004 6
371717 2
753049 4
756582 2
26172 10
467588 1
484219 1
368162 5
97132 1
873757 2
406603 6
150563 6
595755 1
460278 9
831641 7
885824 4
242559 10
681708 3
668332 10
81018 9
57956 5
65554 0
742312 9
140139 3
334 7
387450 1
219201 3
200735 3
36100 10
310166 1
203254 7
166490 4
889197 5
169460 8
958187 0
763231 7
738 2
314313 10
204684 1
758164 10
923973 3
392118 9
94530 1
716174 7
437763 2
301421 8
943921 8
263616 3
476899 2
820173 8
630153 1
580648 7
103847 9
690903 1
88797 0
186714 5
652575 0
53452 0
997140 4
578648 7
847988 2
275085 3
812890 0
640863 6
417586 2
26280 7
319928 2
665569 6
11923 9
495128 4
532458 0
973830 3
283326 0
142099 8
910167 4
455280 1
716452 6
401918 4
795125 2
905775 4
996990 3
264678 10
845424 1
30627 6
119 7
280386 1
968064 9
385818 8
536058 6
257660 2
585113 1
360713 2
492341 1
895369 4
210306 7
230108 6
69321 5
89139 0
944136 2
566198 3
449285 0
329576 2
950853 9
537494 6
736989 8
614873 1
611996 10
925492 5
12503 2
447755 9
736574 9
635796 0
427139 1
943276 2
268122 7
4284 2
852764 9
729903 7
528038 10
272839 0
64071 0
490168 4
630711 8
346822 4
686254 3
486614 10
950919 9
248733 3
265801 8
98131 0
752322 7
749766 0
946818 9
624215 1
398062 5
127490 9
77822 5
10212 9
997145 7
788543 3
59676 4
603338 2
430352 2
160773 9
766598 10
996343 5
220661 6
98881 8
497676 2
443242 0
515383 6
528345 10
565010 5
678028 5
393111 7
375982 7
102706 7
779243 6
108806 4
603547 7
647872 3
49041 9
609681 2
765922 5
756633 5
548103 5
810326 10
711490 5
721520 4
92521 0
528858 4
924381 8
724837 10
371508 4
915398 5
351525 7
241446 8
462988 1
880678 5
280995 10
523040 10
449233 6
643652 2
666917 6
608840 5
949736 4
239007 0
363944 4
645457 3
161705 5
498087 3
807319 1
250815 6
260852 2
975309 0
554734 1
830240 2
445975 0
264025 0
909079 5
328165 2
889151 9
291767 4
719650 6
98101 8
914027 8
581709 1
768283 7
30834 5
860507 6
338209 9
288840 1
312740 2
543634 9
206314 7
434345 3
103603 8
425383 9
158138 5
420461 6
678284 3
483988 7
757874 1
790263 10
271151 3
988396 0
884947 1
482307 1
709922 2
163401 6
148915 4
872107 0
709693 3
450794 9
938782 7
634785 7
665919 2
255654 0
811019 0
85860 5
595542 5
257276 2
529124 4
610922 0
837880 9
18529 4
544171 4
407497 1
666448 1
692064 7
801066 3
416637 2
349836 8
456183 10
526464 10
900376 5
60655 1
781080 9
491412 9
132071 0
380162 3
299570 1
480786 0
193224 6
590513 1
811763 8
699651 1
770279 8
584190 3
711864 10
556153 3
260990 10
761857 2
212765 0
26722 0
404983 3
709225 0
695063 2
401237 5
162883 0
204833 4
982570 10
37894 0
512798 8
420162 10
355139 2
788040 9
518701 1
979874 10
779572 6
406394 8
56657 9
455433 0
372363 9
931482 0
186414 0
337786 6
245828 6
771494 5
295225 9
574305 6
812983 0
15877 1
327355 7
262052 9
655402 10
17505 6
364816 2
166434 0
985620 3
367600 5
2478 7
568377 6
522178 10
385329 9
257624 1
449468 1
802582 9
204910 1
406313 7
233682 7
536022 7
1196 1
1160 9
470675 7
388435 2
245343 1
857817 4
315676 4
735332 10
288641 9
832143 5
698822 10
577680 0
855005 4
628153 4
876599 1
962245 9
538073 5
152561 3
416407 10
716938 5
162884 8
321468 10
948849 5
104647 10
293439 9
225373 8
331014 0
185314 6
558077 1
670507 7
760891 1
434131 10
327514 6
22900 9
137552 1
89698 6
847594 4
64923 0
773861 3
355209 6
500076 8
668833 10
977049 6
362736 7
759041 0
382875 4
603732 8
807358 0
867858 0
993574 8
366152 5
261814 3
700602 6
301576 10
190548 0
781077 6
225698 3
381859 1
89772 8
166188 10
652747 4
696790 7
565635 5
156217 10
464603 10
477200 10
368522 8
828485 6
264720 0
342444 3
896587 9
606086 9
803843 5
722514 7
29329 2
24762 0
359041 3
188737 9
452463 10
497728 7
127390 8
742895 9
50069 0
709342 2
498548 1
217900 4
228230 7
585704 2
380047 0
809208 10
740838 4
144915 1
169458 9
875254 9
32975 2
994978 10
65284 4
524356 0
985266 5
955736 9
213167 7
276547 6
144584 4
26883 7
192302 10
797464 3
744093 2
884742 5
193842 2
272463 4
610667 6
929731 4
898282 1
879404 8
333721 5
325225 4
453382 2
924546 9
759249 3
642625 0
255847 5
873024 0
584891 1
981884 1
405843 10
365788 8
993150 9
641399 4
402012 5
109861 1
665898 8
776681 0
393424 9
146099 2
409945 5
427952 2
305516 7
900139 2
782698 6
419861 7
557704 10
813612 0
953357 3
349382 4
530556 9
171334 10
275223 4
51640 1
784292 4
476933 3
8220 9
626222 1
697330 2
307298 2
616578 7
394426 9
1565 4
528899 5
290957 10
170430 10
793717 4
283216 1
675099 0
745568 1
301381 9
783801 5
575627 4
444610 3
689597 2
901404 8
680119 3
786406 6
541700 4
686435 2
869944 7
962930 5
220913 8
223492 7
396166 10
292963 1
126175 5
789098 0
631540 10
60563 7
413875 4
282090 0
678813 4
111311 9
720447 8
821729 1
307034 10
597952 1
356259 9
555013 4
695962 0
68564 9
196875 4
73326 7
810348 0
181535 10
163952 1
603893 9
46150 0
811030 2
565710 9
429273 4
878418 9
172904 1
220483 4
751051 1
263969 9
281633 3
473856 4
694544 9
736267 6
173305 2
7987 8
319323 3
159679 1
258633 2
814253 5
302376 9
429250 9
99519 9
819232 1
733639 2
169170 2
964302 4
756382 8
138916 2
587217 2
178113 7
894303 2
181152 8
239639 0
673984 0
707232 5
486968 9
300579 9
949124 4
126092 4
521658 5
243064 7
256744 5
17224 3
144486 5
366842 7
696811 7
145172 3
195017 7
420646 9
675720 3
311320 7
264227 1
196839 1
283788 5
568262 7
538520 7
179986 8
713873 10
93690 1
161492 4
414875 3
175890 4
655979 6
707542 9
47664 0
224523 10
500555 5
255658 7
484825 6
344662 7
861739 5
112510 5
47114 9
888809 0
644759 6
657215 0
82339 1
194751 4
144079 5
947059 1
954470 4
143207 0
773417 0
322086 10
842727 7
816815 0
462651 8
508237 6
847447 4
411876 8
82915 6
854463 2
382960 3
219717 8
513456 2
98409 4
422482 5
894450 8
202840 5
367485 6
504432 8
154173 5
155520 5
988985 3
196048 2
447566 2
748098 0
934374 7
137460 5
34141 8
402441 5
739603 9
286199 5
872342 0
391982 0
8615 1
272981 1
981415 6
77529 3
996072 2
957478 4
983658 0
228767 1
871243 4
963268 3
770974 3
934316 7
339807 0
473715 3
451888 4
574564 8
596522 2
944665 5
334832 8
205061 8
559411 0
819191 6
676383 2
335215 0
862703 8
482300 4
103774 3
115858 5
251270 1
273975 5
647580 7
748539 5
139847 5
586021 6
787815 4
690537 2
396250 3
669757 4
557623 0
